3 100000
2826 0 0
2877 1 0
2929 2 0
3503 0 0
3600 1 0
3696 2 0
4180 0 0
4277 1 0
4374 2 0
4762 0 0
4856 1 0
5148 0 0
5245 1 0
5342 2 0
5632 0 0
5922 0 0
6019 1 0
6116 2 0
6599 0 0
6696 1 0
6793 2 0
7277 0 0
7373 1 0
7470 2 0
7954 0 0
8051 1 0
8148 2 0
8244 0 0
8631 0 0
9018 0 0
9405 0 0
9792 0 0
10179 0 0
10566 0 0
10953 0 0
11340 0 0
11727 0 0
12114 0 0
12501 0 0
12888 0 0
13275 0 0
13662 0 0
14049 0 0
14436 0 0
14823 0 0
15210 0 0
15597 0 0
15984 0 0
16371 0 0
16758 0 0
17145 0 0
17532 0 0
17919 0 0
18306 0 0
18693 0 0
19080 0 0
19467 0 0
19854 0 0
20241 0 0
20628 0 0
21015 0 0
21402 0 0
21789 0 0
22176 0 0
22563 0 0
22950 0 0
23337 0 0
23724 0 0
24111 0 0
24498 0 0
24885 0 0
25272 0 0
25659 0 0
26046 0 0
26433 0 0
26820 0 0
27207 0 0
27594 0 0
27981 0 0
28368 0 0
28755 0 0
29142 0 0
29529 0 0
29916 0 0
30303 0 0
30690 0 0
31077 0 0
31464 0 0
31851 0 0
32238 0 0
32625 0 0
33012 0 0
33399 0 0
33786 0 0
34173 0 0
34560 0 0
34947 0 0
35334 0 0
35721 0 0
36108 0 0
36495 0 0
36882 0 0
37269 0 0
37656 0 0
38043 0 0
38430 0 0
38817 0 0
39204 0 0
39591 0 0
39978 0 0
40365 0 0
40752 0 0
41139 0 0
41526 0 0
41913 0 0
42300 0 0
42687 0 0
43074 0 0
43461 0 0
43848 0 0
44235 0 0
44622 0 0
45009 0 0
45396 0 0
45783 0 0
46170 0 0
46557 0 0
46944 0 0
47331 0 0
47718 0 0
48105 0 0
48492 0 0
48879 0 0
49266 0 0
49653 0 0
50040 0 0
50427 0 0
50814 0 0
51201 0 0
51588 0 0
51975 0 0
52362 0 0
52749 0 0
53136 0 0
53523 0 0
53910 0 0
54297 0 0
54684 0 0
55071 0 0
55458 0 0
55845 0 0
56232 0 0
56619 0 0
57006 0 0
57393 0 0
57780 0 0
58167 0 0
58554 0 0
58941 0 0
59328 0 0
59715 0 0
60102 0 0
60489 0 0
60876 0 0
61263 0 0
61650 0 0
62037 0 0
62424 0 0
62811 0 0
63198 0 0
63585 0 0
63972 0 0
64359 0 0
64746 0 0
65133 0 0
65520 0 0
65907 0 0
66294 0 0
66681 0 0
67068 0 0
67455 0 0
67842 0 0
68229 0 0
68616 0 0
69003 0 0
69390 0 0
69777 0 0
70164 0 0
70551 0 0
70938 0 0
71325 0 0
71712 0 0
72099 0 0
72486 0 0
72873 0 0
73260 0 0
73647 0 0
74034 0 0
74421 0 0
74808 0 0
75195 0 0
75582 0 0
75969 0 0
76356 0 0
76743 0 0
77130 0 0
77517 0 0
77904 0 0
78291 0 0
78678 0 0
79065 0 0
79452 0 0
79839 0 0
80226 0 0
80613 0 0
81000 0 0
81387 0 0
81774 0 0
82161 0 0
82548 0 0
82935 0 0
83322 0 0
83709 0 0
84096 0 0
84483 0 0
84870 0 0
85257 0 0
85644 0 0
86031 0 0
86418 0 0
86805 0 0
87192 0 0
87579 0 0
87966 0 0
88353 0 0
88740 0 0
89127 0 0
89514 0 0
89901 0 0
90288 0 0
90675 0 0
91062 0 0
91449 0 0
91836 0 0
92223 0 0
92610 0 0
92997 0 0
93384 0 0
93771 0 0
94158 0 0
94545 0 0
94932 0 0
95319 0 0
95706 0 0
96093 0 0
96480 0 0
96867 0 0
97254 0 0
97641 0 0
98028 0 0
98415 0 0
98802 0 0
99189 0 0
99576 0 0
99963 0 0
100350 0 0
100737 0 0
101124 0 0
101511 0 0
101898 0 0
102285 0 0
102672 0 0
103059 0 0
103446 0 0
103833 0 0
104220 0 0
104607 0 0
104994 0 0
105381 0 0
105768 0 0
106155 0 0
106542 0 0
106929 0 0
107316 0 0
107703 0 0
108090 0 0
108477 0 0
108864 0 0
109251 0 0
109638 0 0
110025 0 0
110412 0 0
110799 0 0
111186 0 0
111573 0 0
111960 0 0
112347 0 0
112734 0 0
113121 0 0
113508 0 0
113895 0 0
114282 0 0
114669 0 0
115056 0 0
115443 0 0
115830 0 0
116217 0 0
116604 0 0
116991 0 0
117378 0 0
117765 0 0
118152 0 0
118539 0 0
118926 0 0
119313 0 0
119700 0 0
120087 0 0
120474 0 0
120861 0 0
121248 0 0
121635 0 0
122022 0 0
122409 0 0
122796 0 0
123183 0 0
123570 0 0
123957 0 0
124344 0 0
124731 0 0
125118 0 0
125505 0 0
125892 0 0
126279 0 0
126666 0 0
127053 0 0
127440 0 0
127827 0 0
128214 0 0
128601 0 0
128988 0 0
129375 0 0
129762 0 0
130149 0 0
130536 0 0
130923 0 0
131310 0 0
131697 0 0
132084 0 0
132471 0 0
132858 0 0
133245 0 0
133632 0 0
134019 0 0
134406 0 0
134793 0 0
135180 0 0
135567 0 0
135954 0 0
136341 0 0
136728 0 0
137115 0 0
137502 0 0
137889 0 0
138276 0 0
138663 0 0
139050 0 0
139437 0 0
139824 0 0
140211 0 0
140598 0 0
140985 0 0
141372 0 0
141759 0 0
142146 0 0
142533 0 0
142920 0 0
143307 0 0
143694 0 0
144081 0 0
144468 0 0
144855 0 0
145242 0 0
145629 0 0
146016 0 0
146403 0 0
146790 0 0
147177 0 0
147564 0 0
147951 0 0
148338 0 0
148725 0 0
149112 0 0
149499 0 0
149886 0 0
150273 0 0
150660 0 0
151047 0 0
151434 0 0
151821 0 0
152208 0 0
152595 0 0
152982 0 0
153369 0 0
153756 0 0
154143 0 0
154530 0 0
154917 0 0
155304 0 0
155691 0 0
156078 0 0
156465 0 0
156852 0 0
157239 0 0
157626 0 0
158013 0 0
158400 0 0
158787 0 0
159174 0 0
159561 0 0
159948 0 0
160335 0 0
160722 0 0
161109 0 0
161496 0 0
161883 0 0
162270 0 0
162657 0 0
163044 0 0
163431 0 0
163818 0 0
164205 0 0
164592 0 0
164979 0 0
165366 0 0
165753 0 0
166140 0 0
166527 0 0
166914 0 0
167301 0 0
167688 0 0
168075 0 0
168462 0 0
168849 0 0
169236 0 0
169623 0 0
170010 0 0
170397 0 0
170784 0 0
171171 0 0
171558 0 0
171945 0 0
172332 0 0
172719 0 0
173106 0 0
173493 0 0
173880 0 0
174267 0 0
174654 0 0
175041 0 0
175428 0 0
175815 0 0
176202 0 0
176589 0 0
176976 0 0
177363 0 0
177750 0 0
178137 0 0
178524 0 0
178911 0 0
179298 0 0
179685 0 0
180072 0 0
180459 0 0
180846 0 0
181233 0 0
181620 0 0
182007 0 0
182394 0 0
182781 0 0
183168 0 0
183555 0 0
183942 0 0
184329 0 0
184716 0 0
185103 0 0
185490 0 0
185877 0 0
186264 0 0
186651 0 0
187038 0 0
187425 0 0
187812 0 0
188199 0 0
188586 0 0
188973 0 0
189360 0 0
189747 0 0
190134 0 0
190521 0 0
190908 0 0
191295 0 0
191682 0 0
192069 0 0
192456 0 0
192843 0 0
193230 0 0
193617 0 0
194004 0 0
194391 0 0
194778 0 0
195165 0 0
195552 0 0
195939 0 0
196326 0 0
196713 0 0
197100 0 0
197487 0 0
197874 0 0
198261 0 0
198648 0 0
199035 0 0
199422 0 0
199809 0 0
200196 0 0
200583 0 0
200970 0 0
201357 0 0
201744 0 0
202131 0 0
202518 0 0
202905 0 0
203292 0 0
203679 0 0
204066 0 0
204453 0 0
204840 0 0
205227 0 0
205614 0 0
206001 0 0
206388 0 0
206775 0 0
207162 0 0
207549 0 0
207936 0 0
208323 0 0
208710 0 0
209097 0 0
209484 0 0
209871 0 0
210258 0 0
210645 0 0
211032 0 0
211419 0 0
211806 0 0
212193 0 0
212580 0 0
212967 0 0
213354 0 0
213741 0 0
214128 0 0
214515 0 0
214902 0 0
215289 0 0
215676 0 0
216063 0 0
216450 0 0
216837 0 0
217224 0 0
217611 0 0
217998 0 0
218385 0 0
218772 0 0
219159 0 0
219546 0 0
219933 0 0
220320 0 0
220707 0 0
221094 0 0
221481 0 0
221868 0 0
222255 0 0
222642 0 0
223029 0 0
223416 0 0
223803 0 0
224190 0 0
224577 0 0
224964 0 0
225351 0 0
225738 0 0
226125 0 0
226512 0 0
226899 0 0
227286 0 0
227673 0 0
228060 0 0
228447 0 0
228834 0 0
229221 0 0
229608 0 0
229995 0 0
